 
=============================================================================================================

Carter Bethany 64 100 76 99 76 85 91 91 69 68 81
Levine Brian 79 94 75 61 60 69 75 89 92 61 75
Hanes Silvia 83 84 89 100 85 100 74 70 68 91 84
Tibbets Jodi 67 100 95 87 64 63 80 73 89 92 81
Rivett John 75 71 84 85 96 71 74 79 79 93 80
Siegal Theo 95 100 87 85 69 65 91 66 84 94 83
Masden Dorothea 96 86 92 100 95 74 79 98 82 89 89
Wolfe Naomi 69 79 90 93 80 64 61 60 78 62 73
Kittle Dominick 70 86 84 70 100 97 77 86 63 68 80
Burbank Tyson 83 86 65 63 71 100 82 80 71 67 76